Skod,CariKod,CSKod
