ID,USTID,ACK
